      0.88      0.867      0.894      0.503     0.0189    0.00169          0    0.00706     0.0573      0.846    0.00092       1.78      0.663       0.16     0.0566      0.242       1.52      0.871      0.987        0.2       3.69          0      0.015        0.9      0.225          0      0.136      0.534          0          0          0      0.124          1      0.201          0       0.22      0.659       3.92
     0.906      0.852      0.884      0.504     0.0194    0.00171          0    0.00781     0.0594      0.838    0.00086       2.05      0.739      0.141     0.0657      0.242       1.64      0.795       1.17        0.2       3.69          0      0.015        0.9      0.225          0      0.141      0.531          0          0          0      0.124          1      0.239          0      0.197      0.701       4.53
     0.877      0.889      0.891      0.501     0.0192    0.00176          0    0.00706     0.0577      0.841    0.00092       1.79       0.68       0.16     0.0566      0.248       1.51      0.871      0.987        0.2       3.65          0      0.015      0.897      0.225          0      0.135      0.518          0          0          0      0.122          1      0.205          0      0.214       0.67       3.84
     0.874      0.868       0.88        0.5      0.018    0.00196          0    0.00655     0.0573      0.849      0.001       1.55      0.663      0.164     0.0536      0.224       1.53      0.824       1.16        0.2       3.69          0      0.015        0.9      0.264          0      0.136        0.5          0          0          0      0.125          1      0.202          0      0.212      0.548       3.92
     0.879      0.874      0.896      0.498     0.0183    0.00183          0    0.00731     0.0627      0.869    0.00075       1.57      0.576       0.16     0.0566       0.26       1.52      0.868       1.09        0.2       3.84          0      0.015        0.9      0.202          0      0.119      0.581          0          0          0      0.124          1      0.199          0      0.183      0.713       4.66
     0.912      0.861      0.892      0.497     0.0176    0.00176          0    0.00692     0.0697       0.83    0.00076       2.02      0.702      0.154       0.06      0.256       1.64      0.795       1.12        0.2       3.57          0      0.015      0.802      0.224          0      0.135      0.531          0          0          0      0.112          1      0.213          0      0.197      0.731       4.53
      0.89      0.884      0.883      0.498     0.0198     0.0018          0    0.00784     0.0605      0.834    0.00086       2.05      0.739      0.142     0.0662      0.239       1.66      0.797       1.18        0.2        3.7          0      0.015      0.897      0.226          0       0.14       0.53          0          0          0      0.123          1      0.241          0      0.198      0.694       4.53
     0.852      0.871      0.879      0.495     0.0191    0.00182          0    0.00529     0.0718      0.846      0.001       2.22      0.643       0.16     0.0585        0.2       1.73      0.871      0.987        0.2       3.68          0      0.015        0.9      0.168          0      0.124      0.422          0          0          0     0.0981          1      0.247          0      0.184      0.659       3.96
     0.895      0.841      0.876      0.495     0.0191    0.00215          0    0.00752      0.058       0.83    0.00063       2.05      0.703      0.148       0.06      0.256        1.7      0.814       1.55        0.2       3.57          0      0.015      0.802      0.191          0      0.134      0.427          0          0          0      0.126          1      0.213          0      0.213      0.731       3.98
     0.884      0.862      0.873      0.495      0.019    0.00172          0    0.00807     0.0598       0.84    0.00088          2      0.781      0.141     0.0648      0.231       1.61      0.784       1.17        0.2       3.59          0      0.015        0.9      0.236          0      0.144      0.534          0          0          0       0.12          1      0.239          0      0.197      0.701       4.64
      0.89      0.873      0.891      0.493     0.0194     0.0018          0    0.00716     0.0573      0.852    0.00091       1.78      0.657      0.163     0.0581      0.237       1.55      0.885       1.01        0.2        3.6          0      0.015      0.895      0.225          0      0.134      0.534          0          0          0      0.122          1      0.207          0      0.229      0.654       3.85
     0.887       0.86       0.88      0.494     0.0216    0.00147          0    0.00804     0.0594      0.838    0.00099       2.12      0.739      0.137     0.0634      0.261       1.64      0.683       1.11        0.2       3.95          0      0.015        0.9      0.235          0      0.123      0.489          0          0          0      0.116          1      0.216          0      0.154      0.701       4.53
     0.879      0.866      0.884      0.493     0.0187    0.00165          0    0.00688     0.0593      0.844    0.00092       1.78      0.701       0.16     0.0559      0.233       1.51      0.833      0.955        0.2       3.69          0      0.015      0.886      0.225          0      0.136      0.535          0          0          0      0.122          1      0.201          0      0.216      0.656       3.97
     0.891      0.853      0.871      0.494     0.0206    0.00211          0    0.00752      0.058      0.829    0.00063       2.05      0.701      0.148       0.06      0.256        1.7      0.814       1.55        0.2       3.58          0      0.015      0.802      0.191          0      0.134      0.426          0          0          0      0.126          1      0.213          0      0.213      0.731       3.98
     0.891      0.859      0.877      0.493     0.0178    0.00167          0    0.00706      0.059      0.844    0.00096       1.75      0.684       0.16     0.0543      0.244       1.52      0.856      0.929        0.2       3.69          0      0.015      0.894      0.227          0      0.136      0.512          0          0          0      0.124          1      0.203          0      0.223      0.625       3.99
     0.865      0.882      0.874      0.493      0.019    0.00168          0    0.00643     0.0594      0.848    0.00081       2.28      0.743      0.122     0.0645      0.245        1.4      0.774       1.17        0.2       3.48          0      0.015        0.9      0.257          0      0.117      0.531          0          0          0      0.123          1      0.196          0      0.195      0.701       4.53
     0.861       0.86      0.872      0.493     0.0163    0.00156          0    0.00811     0.0438       0.83    0.00097       2.05      0.739      0.133     0.0652      0.266          2      0.858       1.42        0.2       2.36          0      0.015        0.9      0.257          0      0.141      0.629          0          0          0      0.124          1      0.255          0      0.197       0.64       5.29
     0.881      0.857      0.869      0.493     0.0152    0.00173          0    0.00745     0.0574      0.846    0.00087       1.63      0.616      0.152     0.0566      0.235       1.52      0.871       1.08        0.2        3.2          0      0.015        0.9      0.179          0      0.112      0.534          0          0          0       0.13          1      0.199          0      0.266      0.631       3.45
     0.903      0.822      0.866      0.493     0.0184    0.00183          0    0.00858      0.066      0.872    0.00086       2.02      0.739      0.123     0.0565      0.242       1.48       0.81       1.24        0.2       3.69          0      0.015        0.9      0.214          0      0.141      0.499          0          0          0      0.114          1      0.265          0      0.218      0.619       4.44
     0.873      0.875      0.869      0.492     0.0171    0.00209          0    0.00752     0.0563      0.819    0.00065       2.23      0.703      0.134     0.0527      0.256          2      0.814       1.35        0.2       3.68          0      0.015      0.782        0.2          0      0.126      0.359          0          0          0      0.134          1      0.234          0      0.144      0.814       4.02
     0.872      0.866      0.886       0.49     0.0217      0.002          0    0.00638     0.0659      0.882    0.00087       1.47      0.674      0.124     0.0643      0.225       1.21      0.939      0.983        0.2       3.83          0      0.015      0.805      0.214          0       0.13      0.534          0          0          0      0.124          1      0.201          0       0.19      0.532       3.68
     0.865      0.848      0.863      0.492     0.0137    0.00128          0    0.00694     0.0614      0.868    0.00092       1.78      0.588      0.149     0.0451        0.2       1.52      0.795      0.721        0.2       3.26          0      0.015        0.9       0.23          0      0.136      0.311          0          0          0      0.124          1      0.107          0      0.241      0.659       4.08
     0.889      0.849      0.877       0.49     0.0189    0.00181          0    0.00705     0.0557      0.836    0.00087       1.78       0.69       0.17     0.0577      0.242       1.51      0.896       1.05        0.2       3.69          0      0.015        0.9      0.221          0      0.124      0.609          0          0          0      0.123          1      0.231          0      0.205      0.667       3.92
     0.872      0.852      0.863      0.491     0.0136    0.00166          0    0.00752     0.0666       0.84    0.00063       2.51      0.867      0.127     0.0418      0.321          2      0.841       1.01        0.2       3.68          0      0.015      0.835      0.173          0      0.126      0.359          0          0          0      0.134          1      0.227          0      0.124      0.807       3.97
     0.902      0.859      0.886      0.488     0.0196    0.00182          0    0.00713     0.0618      0.838    0.00087       2.02      0.739      0.152     0.0659      0.236       1.75      0.791        1.2        0.2       3.68          0      0.015        0.9      0.233          0      0.146      0.537          0          0          0      0.124          1      0.239          0      0.197      0.717       4.57
     0.884      0.861      0.878      0.488     0.0191    0.00175          0     0.0077     0.0568      0.848    0.00084       2.01      0.739      0.156     0.0629      0.243       1.59      0.925       1.05        0.2       3.23          0      0.015      0.876      0.223          0      0.121      0.532          0          0          0      0.124          1      0.238          0      0.181      0.701       4.48
     0.903      0.847      0.884      0.487     0.0207    0.00168          0    0.00807     0.0619      0.856      0.001       2.13      0.739      0.138     0.0627      0.212       1.45      0.734       1.07        0.2       3.91          0      0.015      0.882      0.192          0      0.146      0.531          0          0          0      0.132          1      0.266          0      0.208      0.701       4.29
     0.882      0.842      0.867      0.488     0.0198    0.00163          0    0.00781     0.0546      0.845    0.00077       1.78      0.666      0.121     0.0657      0.216       1.69      0.785       1.02        0.2       3.69          0      0.015        0.9      0.203          0      0.141      0.483          0          0          0      0.124          1      0.231          0      0.195      0.701       4.53
     0.874      0.869      0.866      0.488     0.0176    0.00173          0    0.00713     0.0663       0.83     0.0007       1.87      0.541      0.156     0.0546      0.254       1.36      0.881      0.968        0.2       3.57          0      0.015      0.696      0.218          0       0.14      0.531          0          0          0     0.0997          1      0.199          0      0.197      0.817       3.95
     0.884      0.859      0.871      0.486       0.02    0.00171          0    0.00756     0.0611      0.838    0.00089       2.04      0.736       0.14     0.0661      0.247       1.64      0.795       1.13        0.2       3.69          0      0.015        0.9      0.224          0      0.138      0.531          0          0          0      0.131          1      0.239          0        0.2      0.671       4.53
     0.864      0.871      0.878      0.485     0.0193     0.0017          0    0.00706     0.0585      0.851    0.00092       1.81      0.672      0.156     0.0583      0.235       1.51      0.863      0.998        0.2       3.64          0      0.015       0.84      0.225          0      0.134      0.564          0          0          0      0.117          1       0.19          0      0.234      0.631       3.77
     0.861      0.859      0.867      0.486     0.0181    0.00181          0    0.00694      0.069       0.83    0.00076       2.02      0.706      0.154       0.06      0.254       1.64      0.801       1.12        0.2       3.57          0      0.015      0.805      0.224          0      0.135      0.531          0          0          0      0.112          1      0.214          0      0.194       0.73       4.53
     0.867      0.877      0.875      0.485     0.0183    0.00183          0    0.00692     0.0624      0.772    0.00076       2.02      0.702      0.144     0.0596      0.212       1.64      0.792       1.21        0.2       3.59          0      0.015        0.9      0.224          0      0.154      0.531          0          0          0      0.118          1      0.213          0      0.197      0.812       4.79
     0.884      0.855      0.874      0.485     0.0165    0.00142          0    0.00613     0.0488      0.809     0.0008       1.78      0.663      0.176     0.0566      0.291       1.52      0.905      0.946        0.2       2.74          0      0.015        0.9      0.177          0      0.126      0.499          0          0          0      0.104          1      0.217          0      0.195       0.54       3.56
     0.904      0.865       0.89      0.483     0.0166    0.00244          0    0.00999     0.0446       0.83      0.001       2.11      0.874        0.2     0.0503        0.2          2      0.996       1.17        0.2       3.88          0      0.015      0.877      0.226          0      0.141      0.569          0          0          0      0.124          1      0.239          0      0.183      0.701       6.37
     0.874      0.853      0.868      0.485     0.0186    0.00177          0    0.00737     0.0573      0.843    0.00095       1.69      0.663       0.17     0.0545      0.229       1.57      0.906      0.964        0.2       3.69          0      0.015        0.9      0.216          0      0.138      0.494          0          0          0      0.124          1      0.208          0       0.22      0.628       3.92
     0.857      0.866      0.868      0.484     0.0186    0.00199          0    0.00735     0.0422      0.815    0.00065       2.84      0.563      0.134     0.0527      0.244          2      0.679       1.65        0.2       3.94          0      0.015      0.855      0.228          0      0.126      0.381          0          0          0     0.0962          1      0.248          0      0.141      0.814       3.96
     0.882      0.857      0.866      0.484     0.0163     0.0019          0    0.00883     0.0537      0.888    0.00065       2.52      0.734      0.134     0.0491      0.213       1.85      0.768       1.26        0.2       3.68          0      0.015      0.782      0.221          0      0.134      0.391          0          0          0      0.158          1      0.209          0      0.132      0.648       4.18
     0.881      0.846      0.865      0.484     0.0202    0.00162          0    0.00648     0.0243      0.827    0.00074       1.27       0.56      0.131     0.0662       0.23       1.35      0.821       1.06        0.2       3.18          0      0.015      0.874      0.303          0      0.136      0.537          0          0          0      0.155          1      0.151          0      0.106      0.415       4.44
     0.879       0.84      0.871      0.483     0.0212    0.00174          0    0.00775     0.0588      0.847    0.00084       2.06      0.742      0.137     0.0657      0.243       1.59      0.776       1.17        0.2       3.81          0      0.015        0.9      0.222          0      0.142       0.52          0          0          0      0.126          1      0.239          0      0.197      0.686       4.53
     0.861      0.863      0.871      0.483       0.02    0.00154          0    0.00854     0.0594      0.824    0.00087       1.92      0.739       0.15     0.0662      0.257       1.61      0.727       1.11        0.2       3.69          0      0.015        0.9      0.219          0      0.139      0.522          0          0          0      0.126          1      0.266          0      0.197      0.722       4.93
     0.862      0.869      0.869      0.483     0.0199    0.00197          0    0.00803     0.0592      0.838     0.0008       2.05      0.866      0.141     0.0655      0.258       1.76      0.849        1.4        0.2       2.99          0      0.015      0.772      0.244          0      0.146      0.489          0          0          0      0.124          1      0.223          0      0.187       0.88       4.04
     0.883      0.852      0.868      0.483     0.0205    0.00169          0    0.00856       0.07      0.841    0.00086       2.21      0.728      0.117     0.0709      0.211       1.29      0.795       1.18        0.2       3.08          0      0.015        0.9      0.241          0      0.155      0.604          0          0          0       0.13          1      0.259          0      0.197      0.706       5.26
     0.869      0.856      0.866      0.483      0.019     0.0022          0    0.00691     0.0573      0.846    0.00091       1.75      0.658      0.149     0.0566      0.242       1.58      0.922       1.08        0.2       3.88          0      0.015       0.88      0.233          0      0.136      0.493          0          0          0      0.119          1      0.197          0       0.21      0.705       3.92
     0.872      0.842      0.871      0.482     0.0237    0.00202          0    0.00932     0.0713      0.825    0.00083       1.73      0.849      0.141     0.0712      0.269       1.64      0.858       1.13        0.2       3.53          0      0.015        0.9      0.188          0      0.141      0.635          0          0          0      0.125          1      0.239          0      0.216      0.677        4.2
     0.874      0.843      0.862      0.483     0.0179    0.00204          0    0.00753     0.0558      0.814    0.00064       2.27      0.721      0.131     0.0546      0.255          2      0.784       1.35        0.2        3.7          0      0.015      0.782        0.2          0      0.126      0.359          0          0          0      0.138          1       0.24          0      0.144      0.811          4
     0.864      0.838      0.862      0.483     0.0154    0.00159          0    0.00682     0.0652      0.838      0.001       1.77      0.739      0.116     0.0596      0.271       1.38      0.805       1.17        0.2       2.85          0      0.015        0.9      0.299          0      0.141      0.531          0          0          0      0.124          1      0.239          0      0.253      0.704       3.31
     0.887      0.852      0.878      0.481     0.0185    0.00166          0    0.00781     0.0594      0.838    0.00096       2.26      0.653      0.141     0.0606      0.242       1.59      0.782       1.18        0.2       3.41          0      0.015        0.9      0.243          0      0.141      0.531          0          0          0      0.123          1      0.239          0      0.197      0.701       4.53
     0.879      0.859      0.878      0.481     0.0218    0.00169          0    0.00772     0.0515      0.868    0.00086       2.22      0.764      0.141     0.0726      0.239       1.64      0.843       1.11        0.2       3.26          0      0.015        0.9      0.239          0      0.141      0.553          0          0          0      0.124          1      0.239          0      0.201      0.701       4.79
       0.9       0.83      0.877      0.481     0.0191    0.00154          0    0.00876      0.056       0.92      0.001       1.94      0.663      0.149     0.0566      0.205       1.24      0.852      0.695        0.2       3.69          0      0.015        0.9      0.221          0       0.14      0.555          0          0          0      0.124          1      0.196          0      0.249       0.54       4.49
     0.857      0.865      0.866      0.482     0.0249    0.00186          0    0.00717     0.0515      0.847    0.00085       1.98      0.739      0.147     0.0657      0.232       1.64      0.751       1.17        0.2       4.43          0      0.015      0.796      0.261          0      0.151      0.481          0          0          0       0.14          1      0.239          0      0.208      0.728       4.25
     0.874      0.842      0.862      0.482     0.0211    0.00187          0    0.00665     0.0594        0.9     0.0008       2.24      0.739      0.121     0.0621      0.254       1.97      0.766       1.17        0.2       4.04          0      0.015      0.807      0.223          0      0.103      0.574          0          0          0      0.129          1      0.239          0      0.197       0.64       4.52
     0.883       0.86      0.866       0.48     0.0177    0.00194          0    0.00704     0.0486      0.813    0.00093       1.81      0.695      0.141     0.0542       0.23       1.52      0.862       1.13        0.2       3.61          0      0.015        0.9      0.225          0      0.136      0.476          0          0          0      0.116          1      0.199          0      0.229      0.693       3.92
     0.874      0.858      0.875      0.478      0.021    0.00142          0     0.0069     0.0594      0.825     0.0007       2.04      0.864      0.125     0.0619      0.259       1.51      0.593       1.18        0.2       4.06          0      0.015        0.9      0.247          0      0.146       0.49          0          0          0      0.124          1      0.225          0      0.156      0.686       4.82
     0.869      0.832      0.855       0.48     0.0188    0.00184          0    0.00706     0.0575      0.845    0.00092       1.79      0.663      0.161     0.0566      0.242       1.52      0.871       0.99        0.2       3.69          0      0.015        0.9      0.225          0      0.135      0.534          0          0          0      0.124          1      0.201          0       0.22      0.659       3.93
     0.886      0.852      0.864      0.478     0.0175     0.0015          0    0.00698     0.0583      0.864    0.00093       1.79       0.66      0.177      0.054        0.2       1.39      0.871      0.835        0.2       3.45          0      0.015      0.788      0.211          0      0.144      0.534          0          0          0       0.14          1      0.201          0       0.22      0.712       3.94
     0.887      0.828      0.862      0.478     0.0166    0.00179          0    0.00922     0.0537      0.927    0.00061       2.52       0.66      0.136     0.0502      0.213       1.85      0.811       1.24        0.2       3.68          0      0.015      0.685      0.227          0       0.14      0.491          0          0          0       0.23          1       0.22          0      0.142      0.685       4.18
     0.871      0.849      0.862      0.478     0.0159    0.00196          0    0.00941     0.0545      0.927    0.00062       2.52      0.752      0.137     0.0488      0.212       1.83      0.848       1.27        0.2       3.72          0      0.015      0.685      0.227          0      0.148      0.505          0          0          0      0.242          1      0.222          0      0.147      0.703       4.15
     0.868      0.818      0.852      0.479     0.0166      0.002          0    0.00907     0.0547      0.926    0.00061       2.58       0.64      0.136     0.0493      0.217       1.88      0.844       1.24        0.2       3.72          0      0.015      0.705       0.23          0       0.14      0.473          0          0          0       0.23          1      0.223          0      0.146      0.674       4.29
     0.867      0.868      0.866      0.477     0.0184    0.00216          0    0.00729     0.0603       0.83    0.00063       1.92      0.709       0.16     0.0597      0.271        1.7      0.857       1.55        0.2       3.25          0      0.015      0.802      0.203          0      0.123      0.428          0          0          0      0.137          1      0.208          0      0.228      0.716       4.14
     0.878      0.852      0.874      0.476     0.0205    0.00179          0    0.00706     0.0573      0.852    0.00076       1.33      0.562       0.16     0.0619      0.276       1.52      0.927      0.869        0.2       3.67          0      0.015      0.689      0.225          0      0.136      0.556          0          0          0      0.118          1        0.2          0      0.199      0.545       3.68
     0.856       0.86       0.85      0.478     0.0209    0.00186          0    0.00773     0.0548      0.844    0.00063       1.86      0.871      0.141     0.0605      0.314       1.74      0.644       1.46        0.2       4.52          0      0.015      0.861      0.178          0      0.138      0.397          0          0          0      0.106          1      0.202          0      0.213      0.731       4.99
     0.864      0.813       0.84      0.478     0.0164    0.00155          0     0.0089     0.0537      0.933    0.00061        2.7      0.706      0.136     0.0513      0.226          2      0.791       1.09        0.2       3.29          0      0.015      0.618      0.227          0      0.142      0.457          0          0          0      0.247          1      0.216          0      0.141       0.67       3.93
     0.869      0.868      0.872      0.474     0.0157    0.00189          0    0.00776     0.0525      0.923    0.00055       2.98       0.66      0.159     0.0408      0.261       1.55      0.805      0.973        0.2       4.13          0      0.015      0.773      0.209          0      0.167      0.491          0          0          0       0.23          1      0.259          0      0.116      0.813       3.78
     0.882      0.842      0.855      0.475     0.0154    0.00203          0    0.00883     0.0254      0.931    0.00052       2.21      0.706      0.129     0.0491      0.201       1.85      0.894       1.27        0.2       3.68          0      0.015      0.587      0.218          0      0.135      0.408          0          0          0      0.158          1      0.169          0      0.124      0.648       3.98
     0.865      0.839      0.847      0.475     0.0159    0.00202          0    0.00941     0.0544      0.927    0.00062       2.52      0.752      0.137     0.0488      0.212       1.83      0.849       1.27        0.2       3.72          0      0.015      0.685      0.227          0      0.148      0.505          0          0          0      0.242          1      0.222          0      0.147      0.703       4.15
     0.878       0.84      0.868      0.472     0.0101    0.00181          0    0.00741     0.0678      0.828    0.00092       1.78      0.782      0.172     0.0312      0.251       1.52      0.871      0.944        0.2       3.84          0      0.015      0.884      0.226          0      0.122      0.629          0          0          0      0.141          1      0.211          0      0.252      0.659       2.54
     0.886      0.837      0.857      0.473     0.0159    0.00219          0    0.00941     0.0555      0.927    0.00063       2.32      0.731      0.139     0.0476      0.219          2      0.907       1.35        0.2       3.72          0      0.015      0.757      0.232          0      0.148      0.505          0          0          0      0.259          1      0.215          0      0.147      0.668       3.74
     0.885      0.822      0.851      0.473     0.0224    0.00178          0    0.00849     0.0573      0.863    0.00088       1.54      0.804      0.183     0.0566      0.248       1.71      0.776      0.841        0.2       4.64          0      0.015        0.9      0.233          0      0.139       0.52          0          0          0      0.124          1      0.163          0       0.17      0.836       3.92
     0.846      0.868      0.854      0.473     0.0207    0.00238          0    0.00683     0.0573      0.843    0.00092       1.72      0.666       0.16     0.0634      0.294       1.54      0.991       1.21        0.2       3.77          0      0.015        0.9      0.214          0      0.173      0.464          0          0          0      0.125          1      0.186          0       0.26      0.714       4.32
     0.881      0.832      0.862      0.472     0.0139    0.00183          0    0.00844     0.0537      0.922    0.00054       2.73      0.801      0.137     0.0425      0.229       1.88      0.811       1.24        0.2        3.6          0      0.015      0.661      0.234          0      0.127      0.483          0          0          0       0.23          1      0.213          0      0.144       0.66       3.87
     0.867      0.855      0.853      0.472     0.0148    0.00204          0    0.00941     0.0545      0.849    0.00067        2.5       0.78      0.126     0.0488       0.22       1.73      0.892        1.2        0.2       3.72          0      0.015       0.68      0.227          0       0.15      0.432          0          0          0        0.2          1      0.212          0      0.165      0.543       5.11
     0.867       0.84      0.841      0.473     0.0181    0.00221          0    0.00941     0.0536      0.917    0.00062       2.43      0.724      0.137      0.055      0.206       1.79      0.859       1.31        0.2       3.72          0      0.015      0.669      0.231          0      0.167      0.495          0          0          0      0.251          1      0.236          0      0.147      0.565       4.15
     0.871      0.844      0.866       0.47     0.0153    0.00149          0    0.00976     0.0618      0.908    0.00059       3.33      0.752      0.113     0.0452      0.212       1.24      0.652        1.2        0.2       3.84          0      0.015      0.666      0.227          0      0.144       0.84          0          0          0      0.228          1      0.195          0      0.145      0.692       3.86
     0.835      0.841       0.83      0.474     0.0109    0.00164          0    0.00832     0.0395      0.899    0.00061       2.52      0.779      0.125     0.0415        0.2          2      0.927       1.11        0.2        2.6          0      0.015      0.685      0.156          0       0.14      0.491          0          0          0      0.224          1      0.208          0      0.142      0.655       3.32
     0.868      0.843      0.855      0.471      0.016    0.00232          0     0.0118      0.045      0.916    0.00062       2.52      0.817      0.152      0.042      0.247       1.51      0.878       1.27        0.2       4.47          0      0.015      0.734      0.285          0      0.161      0.545          0          0          0      0.279          1      0.266          0      0.129      0.837       4.15
     0.878      0.847      0.851      0.471     0.0241    0.00191          0    0.00781     0.0594      0.838    0.00089       2.34      0.747      0.141     0.0657      0.251       1.76      0.756       1.17        0.2       4.25          0      0.015      0.744      0.225          0      0.141      0.537          0          0          0      0.111          1      0.258          0      0.197      0.523       4.46
     0.859       0.86      0.863      0.469     0.0154    0.00123          0    0.00932      0.065      0.898    0.00062       3.39       0.75      0.113     0.0452      0.202       1.11       0.54        1.2        0.2       3.54          0      0.015      0.729      0.227          0      0.139       0.81          0          0          0       0.24          1      0.207          0      0.149      0.724       3.87
     0.858      0.827      0.849       0.47     0.0151    0.00228          0    0.00941     0.0545      0.903    0.00073       2.95      0.781      0.126     0.0425      0.202       1.78      0.848        1.3        0.2       4.18          0      0.015      0.803      0.215          0      0.148      0.487          0          0          0      0.242          1      0.243          0      0.166       0.69       4.42
     0.875      0.824      0.838      0.471     0.0134    0.00216          0    0.00801     0.0474      0.899     0.0007       2.12      0.729       0.17     0.0501        0.2       1.89      0.848       1.46        0.2       3.21          0      0.015      0.435      0.303          0      0.137      0.429          0          0          0      0.251          1      0.222          0     0.0963      0.681       3.27
     0.869      0.834      0.856      0.469     0.0198    0.00168          0     0.0104     0.0627      0.886     0.0006        2.7      0.752      0.161     0.0577      0.212       1.94      0.805      0.983        0.2       3.59          0      0.015      0.698      0.238          0       0.13      0.568          0          0          0      0.243          1      0.264          0      0.152      0.703       4.15
     0.908       0.83      0.874      0.467     0.0169    0.00175          0    0.00944     0.0548       0.94    0.00061       2.52      0.752       0.14     0.0505      0.207       1.83      0.779       1.29        0.2       3.54          0      0.015      0.685      0.223          0      0.138      0.517          0          0          0      0.242          1      0.214          0      0.146      0.717       4.16
     0.876      0.843      0.864      0.468     0.0162    0.00148          0     0.0116     0.0604      0.896    0.00057       3.15      0.752      0.115     0.0463      0.215       1.19      0.656       1.11        0.2       3.84          0      0.015      0.627      0.202          0      0.144        0.9          0          0          0      0.228          1      0.187          0      0.142      0.692       3.86
     0.867      0.842      0.844       0.47     0.0183    0.00184          0    0.00714     0.0573      0.841    0.00083       1.83      0.617       0.16      0.065      0.242       1.52      0.871      0.997        0.2       3.34          0      0.015      0.779      0.223          0      0.121      0.472          0          0          0      0.135          1      0.213          0      0.191      0.649       3.17
     0.893      0.839      0.859      0.468     0.0167    0.00229          0    0.00639     0.0627      0.927    0.00068       2.52      0.794       0.11     0.0488      0.228          2      0.878       1.27        0.2       4.01          0      0.015      0.685      0.221          0      0.148      0.543          0          0          0      0.242          1      0.243          0      0.196      0.751        4.9
     0.863      0.825      0.849      0.469     0.0167    0.00212          0    0.00947     0.0545      0.931    0.00062       2.48       0.76      0.136     0.0509      0.211       1.81      0.849        1.3        0.2       3.68          0      0.015      0.686      0.225          0      0.148      0.503          0          0          0      0.243          1      0.222          0      0.146      0.696       4.13
      0.88      0.839      0.858      0.468     0.0217    0.00221          0    0.00714      0.052       0.91    0.00092       1.28      0.705      0.148     0.0566      0.202       1.18      0.871      0.979        0.2       4.36          0      0.015        0.9      0.198          0      0.139      0.574          0          0          0      0.108          1      0.236          0       0.22      0.433       3.92
     0.868      0.847      0.854      0.468     0.0167    0.00248          0    0.00941     0.0456        0.9    0.00074       2.38      0.782      0.116     0.0488      0.233       1.83      0.926       1.33        0.2       3.72          0      0.015      0.682      0.256          0      0.114      0.505          0          0          0      0.248          1      0.212          0      0.175      0.828       4.15
     0.897      0.801      0.845      0.469     0.0177    0.00212          0    0.00941     0.0555       0.93    0.00064       2.52      0.713      0.122     0.0528      0.221       1.89      0.848       1.22        0.2       3.81          0      0.015       0.71      0.216          0      0.144      0.477          0          0          0      0.242          1      0.217          0       0.13      0.783       4.38
     0.863      0.831      0.843      0.469      0.016    0.00252          0    0.00863     0.0545      0.902    0.00063       2.58      0.671      0.137     0.0496        0.2          2      0.896       1.65        0.2       3.41          0      0.015       0.61       0.21          0      0.148      0.505          0          0          0      0.244          1      0.222          0      0.162      0.861       3.63
     0.847      0.857      0.858      0.467     0.0176    0.00218          0    0.00739     0.0665      0.882    0.00061       2.52      0.549      0.162     0.0502      0.213       1.83      0.811       1.35        0.2       3.68          0      0.015       0.76      0.293          0      0.154       0.38          0          0          0      0.232          1      0.212          0      0.199      0.685       4.18
     0.885      0.821      0.853      0.467     0.0186    0.00135          0    0.00822     0.0603      0.927    0.00098       1.63      0.663      0.163     0.0546      0.301       1.55      0.701       0.77        0.2       3.69          0      0.015        0.9      0.256          0      0.136      0.598          0          0          0      0.159          1      0.184          0      0.249      0.628       4.05
     0.864      0.829      0.835      0.468     0.0194    0.00231          0    0.00859     0.0604      0.837      0.001       2.37      0.739      0.142      0.061      0.267        1.9      0.882       1.17        0.2       4.41          0      0.015      0.794      0.229          0      0.158      0.531          0          0          0      0.155          1      0.212          0       0.23      0.657       3.29
     0.867      0.841      0.843      0.467     0.0161    0.00211          0    0.00948     0.0524      0.922    0.00061        2.4      0.762      0.139     0.0484       0.21       1.83      0.852       1.27        0.2       3.81          0      0.015      0.656      0.227          0      0.147      0.505          0          0          0      0.251          1       0.23          0      0.147      0.697        4.2
     0.838      0.822      0.841      0.467     0.0164    0.00183          0    0.00883     0.0508      0.875    0.00065        2.5      0.734      0.142     0.0482      0.221       1.81      0.802       1.13        0.2       3.68          0      0.015      0.808      0.226          0      0.134      0.399          0          0          0      0.153          1      0.209          0      0.123      0.658       4.18
     0.873      0.819      0.846      0.466     0.0128    0.00151          0    0.00929     0.0717        0.9    0.00059       3.23      0.752      0.113     0.0452        0.2       1.18      0.686       1.09        0.2       3.59          0      0.015      0.666      0.227          0      0.128      0.888          0          0          0      0.209          1      0.199          0      0.161      0.692        3.3
     0.876      0.843      0.851      0.465     0.0159    0.00175          0    0.00856     0.0567      0.897    0.00071       2.46      0.869      0.137     0.0493        0.2       1.96      0.874       1.15        0.2       3.28          0      0.015      0.532      0.213          0       0.14       0.57          0          0          0      0.242          1      0.222          0       0.13       0.66       4.15
     0.873       0.85      0.848      0.465     0.0196    0.00229          0     0.0058     0.0544      0.812    0.00092       1.78      0.663      0.172     0.0556      0.279       1.51      0.925       1.17        0.2       3.69          0      0.015        0.9      0.217          0      0.136      0.593          0          0          0      0.149          1      0.201          0      0.229      0.657       4.29
     0.858      0.835       0.84      0.465     0.0176    0.00199          0    0.00922     0.0533      0.926     0.0006       2.52      0.666       0.14     0.0508      0.214       1.85      0.824       1.27        0.2       3.72          0      0.015      0.683       0.23          0       0.14      0.492          0          0          0       0.23          1      0.222          0      0.143      0.689       4.18
      0.87      0.858      0.872      0.461     0.0156     0.0016          0    0.00976     0.0612       0.91    0.00059       3.32      0.754      0.113     0.0452      0.212       1.24      0.652       1.21        0.2       3.84          0      0.015      0.672      0.225          0      0.144       0.84          0          0          0      0.228          1      0.197          0      0.146      0.684       3.86
      0.87      0.836      0.848      0.463     0.0161    0.00221          0    0.00931     0.0538      0.908    0.00062       2.52      0.723      0.135     0.0475      0.212       1.82      0.885       1.27        0.2       3.44          0      0.015      0.682      0.227          0      0.155      0.505          0          0          0      0.242          1      0.222          0      0.153       0.75       4.25
     0.846       0.82      0.836      0.464     0.0159     0.0015          0    0.00671     0.0704      0.846      0.001       2.19      0.715      0.157     0.0536      0.249       1.42      0.762       1.02        0.2       3.67          0      0.015        0.9      0.198          0      0.136      0.391          0          0          0      0.124          1      0.201          0       0.22      0.761       3.05
     0.827      0.846      0.833      0.464     0.0168    0.00151          0    0.00944     0.0545      0.859    0.00062       2.41      0.752      0.144     0.0499      0.212       1.84      0.578       1.27        0.2       3.72          0      0.015      0.786      0.242          0      0.148      0.495          0          0          0      0.258          1      0.222          0       0.16      0.808       4.15
     0.872      0.819      0.848      0.462     0.0155    0.00194          0    0.00919     0.0618      0.908     0.0006       3.33      0.752      0.115     0.0452      0.212       1.26      0.682        1.2        0.2       4.06          0      0.015      0.638      0.226          0      0.141      0.861          0          0          0      0.228          1      0.193          0      0.135      0.726       3.62
     0.863      0.833      0.847      0.462      0.017    0.00194          0    0.00941     0.0581      0.922    0.00072       2.33      0.706      0.165     0.0488        0.2        1.7      0.848       1.24        0.2       3.44          0      0.015      0.685      0.247          0      0.148      0.567          0          0          0      0.268          1      0.221          0      0.147      0.687       3.57
     0.885       0.85      0.853      0.461     0.0161    0.00222          0     0.0092     0.0546      0.925    0.00064       2.52      0.752      0.137     0.0483      0.212       1.87      0.857       1.28        0.2       3.85          0      0.015      0.692      0.227          0      0.151      0.506          0          0          0      0.247          1      0.222          0      0.144      0.703       4.18
     0.869      0.842      0.851      0.461     0.0156    0.00215          0    0.00737     0.0541      0.883    0.00062       2.24      0.708      0.136     0.0488      0.225       1.83      0.895       1.27        0.2       3.73          0      0.015      0.685      0.235          0      0.136      0.569          0          0          0      0.267          1      0.222          0      0.157      0.778       4.68
     0.871      0.841      0.859       0.46     0.0166    0.00282          0       0.01     0.0671      0.927    0.00068       1.42      0.705      0.146     0.0461      0.208       1.85       1.09       1.27        0.2       4.14          0      0.015      0.792      0.222          0      0.111      0.448          0          0          0      0.322          1      0.173          0     0.0956      0.712       4.25
     0.855      0.822      0.838      0.462     0.0181    0.00177          0    0.00899     0.0539      0.914    0.00059        2.6      0.839      0.137      0.051      0.212       1.72      0.787       1.18        0.2       3.53          0      0.015      0.699      0.231          0      0.152      0.505          0          0          0      0.242          1      0.232          0      0.171      0.707       4.44
     0.835      0.835      0.843      0.461     0.0145     0.0015          0     0.0099     0.0711      0.912    0.00067       3.59      0.833      0.113     0.0417      0.246       1.31      0.549        1.2        0.2       3.76          0      0.015      0.734       0.28          0      0.118      0.855          0          0          0      0.183          1      0.162          0      0.124      0.792       4.07
     0.855      0.825      0.838      0.461     0.0152    0.00201          0    0.00722     0.0512      0.938    0.00072        2.5       0.63      0.128     0.0447      0.208       1.56      0.848       1.34        0.2       3.72          0      0.015      0.683      0.214          0      0.133      0.408          0          0          0      0.254          1      0.236          0       0.14      0.703       4.38
     0.866      0.826      0.838      0.461     0.0167    0.00218          0    0.00872     0.0473      0.956    0.00062       2.53      0.738      0.135     0.0488      0.223          2      0.848       1.37        0.2       3.72          0      0.015      0.685       0.23          0      0.124      0.505          0          0          0      0.242          1      0.257          0      0.162      0.703       3.83
     0.876      0.816      0.841       0.46     0.0188    0.00278          0    0.00803     0.0437       0.93    0.00057       2.28       0.66      0.109     0.0545       0.26       1.68       1.18       1.16        0.2        3.9          0      0.015      0.729      0.198          0      0.119      0.438          0          0          0      0.245          1       0.22          0      0.191      0.626       4.18
     0.877      0.822      0.848      0.459     0.0194    0.00236          0    0.00781     0.0796      0.903     0.0008       2.05      0.932      0.158     0.0602      0.208       1.15      0.966       1.15        0.2       3.69          0      0.015        0.9        0.2          0      0.164      0.617          0          0          0       0.13          1      0.212          0      0.204      0.701       5.82
     0.862      0.839      0.837       0.46     0.0157    0.00189          0     0.0092     0.0618      0.908     0.0006       3.33      0.749      0.114     0.0452      0.211       1.28       0.69        1.2        0.2       4.05          0      0.015      0.638      0.224          0       0.14      0.861          0          0          0      0.228          1      0.194          0      0.135      0.727       3.58
      0.85      0.823      0.845      0.459     0.0191    0.00218          0     0.0102     0.0614      0.927     0.0006        2.4      0.871       0.14     0.0522      0.226        1.7      0.774       1.35        0.2       4.35          0      0.015      0.735      0.209          0      0.142      0.575          0          0          0       0.26          1      0.235          0      0.138      0.661        3.8
     0.865      0.844      0.851      0.458     0.0154    0.00128          0     0.0088     0.0693      0.882     0.0006       3.67      0.774      0.117     0.0452      0.225       1.28      0.565       1.19        0.2       3.61          0      0.015      0.566      0.206          0      0.141        0.9          0          0          0      0.193          1      0.214          0      0.163      0.644       3.56
     0.838      0.827      0.832       0.46     0.0146    0.00134          0    0.00976     0.0497      0.894    0.00059       4.41       0.41     0.0932     0.0447        0.2       1.31      0.712      0.933        0.2       3.17          0      0.015       0.58      0.287          0      0.144        0.9          0          0          0      0.223          1      0.192          0      0.106      0.692        3.9
     0.871       0.84      0.836      0.459     0.0163    0.00198          0    0.00941     0.0546      0.924    0.00062       2.52      0.748      0.138     0.0489      0.213       1.83      0.846       1.28        0.2       3.72          0      0.015       0.68      0.228          0      0.148      0.505          0          0          0       0.24          1      0.222          0      0.147      0.707       4.14
     0.885      0.808      0.845      0.456     0.0164    0.00237          0     0.0111     0.0546      0.937    0.00063       2.27      0.725      0.146     0.0488      0.212       1.83      0.873       1.35        0.2       3.66          0      0.015        0.7      0.237          0      0.147      0.551          0          0          0      0.242          1      0.206          0      0.149      0.645       4.16
     0.855      0.812      0.831      0.457     0.0174    0.00197          0    0.00941     0.0595      0.915    0.00068       2.49       0.73      0.137     0.0488      0.212       1.83      0.848       1.15        0.2       3.73          0      0.015      0.701      0.253          0      0.123       0.43          0          0          0      0.208          1      0.218          0      0.125      0.703       3.84
     0.871      0.838      0.853      0.454      0.012    0.00106          0    0.00837     0.0618      0.908    0.00059       3.06      0.752        0.1     0.0354      0.228       1.44      0.652      0.683        0.2        3.8          0      0.015      0.666      0.254          0      0.141        0.9          0          0          0       0.23          1      0.195          0       0.15      0.692       4.23
     0.871      0.812      0.843      0.455     0.0164    0.00145          0      0.009     0.0539      0.954    0.00065       3.33      0.752     0.0812      0.047      0.212       1.25      0.563        1.2        0.2       3.84          0      0.015      0.865      0.183          0      0.144      0.665          0          0          0      0.262          1      0.216          0      0.145       0.74       3.85
     0.852       0.85      0.833      0.454     0.0121    0.00207          0    0.00568      0.047      0.831      0.001       1.85      0.663      0.163     0.0362      0.223       1.52      0.871      0.986        0.2       4.38          0      0.015      0.772      0.212          0      0.146      0.555          0          0          0      0.148          1      0.194          0      0.172      0.787       3.34
     0.864      0.819      0.849      0.452     0.0143    0.00126          0    0.00885     0.0659      0.907    0.00073       3.01      0.708      0.116     0.0413      0.263       1.28      0.587       1.09        0.2       3.61          0      0.015      0.653      0.215          0      0.178      0.817          0          0          0      0.202          1      0.214          0      0.153      0.688       3.56
     0.848      0.822      0.827      0.453     0.0167    0.00214          0    0.00941     0.0548      0.927    0.00061       2.54      0.762      0.137     0.0495      0.213       1.84      0.836       1.29        0.2        3.7          0      0.015      0.686      0.225          0      0.146      0.505          0          0          0      0.239          1      0.223          0      0.149      0.693       4.16
     0.856      0.837      0.835      0.452     0.0183    0.00206          0    0.00941     0.0488      0.919    0.00067       2.52      0.637      0.142     0.0539      0.224          2      0.777       1.38        0.2       3.56          0      0.015      0.685      0.209          0      0.154      0.531          0          0          0      0.266          1      0.227          0      0.181      0.673       4.01
     0.878      0.808      0.828      0.452      0.016     0.0018          0     0.0106     0.0485      0.839    0.00057       2.66      0.653      0.137     0.0498      0.213       1.97      0.765       1.27        0.2       3.72          0      0.015      0.724       0.21          0      0.152      0.603          0          0          0      0.242          1      0.205          0      0.177      0.816       3.04
     0.859      0.801       0.83      0.451     0.0159    0.00128          0    0.00938     0.0783      0.907    0.00068       3.01      0.697      0.106      0.054      0.263       1.17      0.582       1.08        0.2       3.35          0      0.015      0.653      0.297          0      0.201      0.828          0          0          0      0.314          1      0.214          0      0.153      0.688       3.19
     0.845      0.815      0.821      0.452     0.0133    0.00201          0    0.00898     0.0545      0.926     0.0006       2.64      0.752       0.13     0.0465      0.214       1.69      0.909       1.19        0.2       3.38          0      0.015      0.697      0.232          0      0.148      0.505          0          0          0      0.233          1      0.216          0      0.147      0.703       3.44
     0.833      0.832      0.827      0.451     0.0153     0.0021          0     0.0101     0.0504      0.945    0.00057       2.27      0.702      0.141     0.0416      0.219       1.83      0.848       1.24        0.2       3.72          0      0.015       0.67      0.233          0      0.166      0.529          0          0          0      0.235          1      0.222          0      0.163      0.706       4.25
     0.859      0.786      0.812      0.452     0.0184    0.00196          0    0.00875     0.0554      0.935    0.00061        2.4      0.708      0.135     0.0496      0.213       1.84      0.811       1.15        0.2       3.68          0      0.015      0.726      0.225          0      0.116      0.483          0          0          0       0.23          1       0.22          0      0.135      0.695       4.18
     0.882      0.804      0.834      0.448     0.0154    0.00176          0    0.00976     0.0548      0.943    0.00057       3.07      0.723      0.109     0.0452        0.2       1.26      0.652       1.24        0.2       3.88          0      0.015      0.702      0.227          0      0.149       0.84          0          0          0      0.217          1      0.195          0      0.157      0.636       3.86
     0.867      0.822      0.839      0.446     0.0202    0.00189          0     0.0107     0.0557      0.927    0.00072       2.26      0.752      0.149     0.0581        0.2       1.99      0.726       1.24        0.2       3.72          0      0.015      0.685      0.227          0       0.14      0.502          0          0          0      0.232          1      0.199          0      0.147      0.714       4.12
     0.853      0.787      0.811      0.449     0.0176    0.00257          0    0.00751     0.0409      0.962     0.0006       2.51      0.715      0.132     0.0585      0.214       1.83       1.06       1.34        0.2       3.08          0      0.015      0.692      0.254          0      0.148      0.394          0          0          0      0.242          1      0.224          0      0.143      0.758       4.66
     0.848      0.838      0.837      0.446     0.0155    0.00211          0     0.0092     0.0609       0.86    0.00051       3.62      0.749      0.136     0.0407      0.212       1.21      0.842      0.971        0.2       4.66          0      0.015      0.638      0.249          0      0.167      0.715          0          0          0       0.22          1      0.203          0      0.143      0.744       4.76
     0.874       0.79      0.824      0.447     0.0176    0.00142          0    0.00914     0.0828      0.907    0.00065       3.01      0.697      0.106      0.054      0.269       1.16      0.643       1.08        0.2       3.69          0      0.015      0.672      0.304          0      0.204      0.828          0          0          0      0.339          1      0.199          0      0.153      0.688       3.19
     0.855      0.817      0.832      0.446     0.0159    0.00258          0     0.0126     0.0441      0.927    0.00062       2.14      0.752      0.137     0.0471      0.213       1.83       1.08      0.959        0.2       4.24          0      0.015      0.731      0.214          0      0.134      0.536          0          0          0      0.325          1      0.293          0      0.147       0.68       3.39
     0.851      0.798       0.82      0.447     0.0159     0.0016          0    0.00976     0.0634      0.908    0.00058       3.34       0.76      0.116     0.0452      0.206       1.32      0.615       1.14        0.2       3.89          0      0.015      0.666      0.231          0      0.151      0.899          0          0          0      0.226          1      0.192          0      0.142      0.667       4.04
     0.845       0.83      0.816      0.445      0.017     0.0022          0    0.00959     0.0553      0.927    0.00062        2.6      0.745      0.141     0.0488      0.208        1.9      0.848       1.26        0.2       3.67          0      0.015      0.685      0.227          0      0.151      0.486          0          0          0      0.234          1      0.226          0       0.15      0.687       4.15
     0.856      0.788      0.805      0.446     0.0152    0.00237          0     0.0078     0.0543      0.905    0.00062       2.16       0.78      0.144     0.0503      0.212       1.35       1.02       1.14        0.2       3.01          0      0.015       0.75      0.239          0      0.173      0.587          0          0          0      0.242          1      0.199          0      0.137      0.444       4.15
      0.85      0.823       0.83      0.443     0.0194    0.00136          0    0.00711     0.0863      0.926    0.00061       3.01      0.737      0.101      0.062      0.246       1.06        0.6       1.03        0.2       3.51          0      0.015      0.657        0.3          0      0.179      0.713          0          0          0      0.314          1      0.252          0      0.153      0.672       3.19
     0.836      0.801      0.829      0.443     0.0146    0.00157          0    0.00885     0.0641      0.907    0.00072       3.01      0.755      0.113     0.0409      0.264       1.27      0.587        1.1        0.2       3.72          0      0.015      0.676      0.214          0      0.174      0.826          0          0          0      0.202          1      0.214          0       0.16      0.658       3.58
     0.856      0.828      0.834      0.442     0.0161    0.00239          0    0.00809     0.0437      0.953    0.00071       3.25      0.813      0.152     0.0452      0.212       1.59      0.747       1.55        0.2       4.08          0      0.015      0.712      0.238          0      0.141        0.9          0          0          0      0.275          1      0.149          0      0.139      0.765       3.62
     0.844       0.78      0.809      0.443     0.0178     0.0024          0    0.00793     0.0545      0.964    0.00057       2.52      0.624      0.142     0.0488      0.212       1.87      0.923       1.13        0.2       4.18          0      0.015      0.685      0.234          0      0.148      0.433          0          0          0      0.268          1      0.201          0      0.157      0.703        3.9
     0.863      0.781      0.815      0.442     0.0169    0.00164          0    0.00914      0.082      0.903    0.00055       2.89      0.723      0.115      0.054      0.271       1.16      0.727       1.08        0.2       3.48          0      0.015      0.593      0.304          0      0.206      0.792          0          0          0      0.381          1      0.188          0      0.164       0.71       3.19
     0.859      0.773      0.802      0.442     0.0223    0.00175          0    0.00948     0.0792      0.942     0.0007       1.85      0.739      0.136     0.0688      0.246       1.13      0.647       1.17        0.2       3.28          0      0.015      0.491      0.194          0     0.0963      0.531          0          0          0      0.123          1      0.239          0      0.275      0.756       5.61
     0.857      0.803      0.818       0.44     0.0153    0.00123          0    0.00917     0.0618      0.911     0.0006       3.33      0.723      0.114     0.0452        0.2       1.32      0.617       1.02        0.2       3.37          0      0.015      0.651      0.202          0      0.141        0.9          0          0          0      0.205          1      0.239          0       0.11      0.734       3.88
     0.811      0.796      0.806      0.441     0.0146    0.00164          0    0.00788     0.0625      0.967    0.00062       2.48      0.752      0.151     0.0483        0.2       1.72      0.744       1.42        0.2       2.83          0      0.015      0.685      0.246          0      0.158      0.525          0          0          0      0.265          1      0.164          0      0.118      0.742       4.15
     0.837       0.79      0.812      0.437     0.0156    0.00117          0    0.00973      0.074      0.867    0.00065       2.34      0.612     0.0724     0.0511      0.233       1.17      0.582       1.08        0.2       2.94          0      0.015      0.653      0.329          0      0.198        0.9          0          0          0      0.295          1      0.207          0      0.163      0.688       3.77
     0.848      0.785       0.81      0.437     0.0143    0.00149          0    0.00977     0.0868      0.866    0.00079       3.06      0.668      0.129     0.0481      0.263       1.14      0.614        1.3        0.2       3.43          0      0.015      0.665       0.26          0       0.22      0.828          0          0          0      0.347          1      0.214          0      0.153      0.685       3.07
     0.852      0.811      0.826      0.435     0.0164    0.00128          0    0.00963     0.0776      0.907    0.00068       3.05       0.69      0.109     0.0546      0.275       1.21      0.569       1.08        0.2       3.18          0      0.015      0.683      0.284          0      0.206      0.892          0          0          0      0.316          1      0.207          0      0.164      0.668       3.19
     0.844      0.797      0.801      0.433     0.0149    0.00187          0    0.00901     0.0666      0.941    0.00066       3.26      0.838      0.122      0.043      0.212       1.28      0.703        1.2        0.2       4.24          0      0.015      0.642      0.232          0      0.136      0.855          0          0          0      0.245          1      0.189          0      0.135      0.726       3.41
      0.85      0.778      0.804      0.432     0.0197    0.00142          0     0.0107     0.0618      0.931     0.0006       4.14      0.752      0.129     0.0583      0.232       1.38      0.579       1.02        0.2       3.84          0      0.015      0.666      0.164          0      0.144        0.9          0          0          0      0.211          1      0.195          0      0.115      0.692       3.25
     0.844        0.8      0.818       0.43      0.018    0.00165          0     0.0083     0.0771      0.912    0.00068       3.27       0.74      0.122      0.054      0.242       1.05      0.661       1.16        0.2       3.82          0      0.015      0.639      0.286          0      0.218      0.828          0          0          0      0.368          1      0.198          0      0.153       0.57       3.19
      0.84      0.798      0.807      0.431     0.0159    0.00143          0    0.00848     0.0783      0.849    0.00068       2.93      0.626     0.0958     0.0522      0.238       1.21      0.591       1.22        0.2       3.19          0      0.015      0.659      0.296          0      0.214        0.9          0          0          0      0.331          1      0.274          0      0.159      0.635       3.13
     0.827      0.792      0.792      0.432     0.0179    0.00167          0    0.00786     0.0628      0.907    0.00064       3.01      0.882     0.0978      0.054        0.2       1.17      0.747       1.09        0.2       3.68          0      0.015       0.46      0.309          0      0.201      0.702          0          0          0      0.362          1      0.198          0      0.188      0.436       3.12
     0.821      0.785      0.792      0.432     0.0175     0.0019          0    0.00945     0.0804      0.866    0.00063       2.78      0.835      0.106     0.0511      0.313       1.26      0.643       1.26        0.2       4.25          0      0.015      0.765      0.333          0      0.204      0.746          0          0          0      0.318          1       0.24          0       0.14      0.688       3.19
     0.851      0.779      0.815      0.428     0.0162    0.00123          0    0.00938     0.0798       0.92    0.00068       2.91      0.697      0.104      0.054      0.301       1.26      0.582      0.911        0.2       3.04          0      0.015      0.723      0.306          0      0.223      0.828          0          0          0      0.317          1      0.231          0      0.159      0.688       3.19
     0.842      0.788      0.813      0.428     0.0174    0.00121          0     0.0093     0.0783      0.884    0.00079       3.04      0.756      0.106     0.0548      0.263       1.17      0.558       1.08        0.2       3.54          0      0.015      0.648       0.28          0      0.186      0.833          0          0          0      0.304          1      0.222          0      0.142      0.613       3.28
     0.836      0.801      0.802      0.428     0.0151    0.00148          0    0.00938     0.0747      0.928    0.00068       3.02       0.72     0.0967     0.0504      0.263       1.15      0.641       1.01        0.2       3.35          0      0.015      0.678      0.305          0       0.19      0.774          0          0          0       0.31          1       0.21          0      0.177      0.563       3.35
     0.817      0.787      0.789      0.429     0.0194    0.00143          0      0.012     0.0467      0.841    0.00074       3.08       0.51     0.0954     0.0567      0.237       1.17      0.582       1.11        0.2       3.97          0      0.015      0.653      0.367          0      0.211       0.86          0          0          0      0.291          1      0.214          0      0.117      0.688       2.96
      0.85      0.803      0.805      0.425     0.0226    0.00285          0     0.0102     0.0643      0.927    0.00065       2.93      0.576      0.114      0.064      0.212       1.68      0.912        1.4        0.2       3.88          0      0.015      0.709      0.227          0       0.14      0.566          0          0          0      0.306          1      0.254          0      0.147      0.623       4.15
     0.839      0.803       0.82      0.423     0.0181    0.00125          0    0.00938     0.0893      0.819    0.00068       2.11      0.923      0.107     0.0519      0.263       1.26      0.428       1.27        0.2       4.27          0      0.015      0.707      0.338          0      0.201        0.9          0          0          0      0.346          1      0.229          0      0.154      0.575       3.05
     0.825      0.786        0.8      0.425      0.017    0.00119          0     0.0102     0.0878      0.838    0.00065        3.2      0.728      0.122     0.0509      0.275       1.36      0.486       1.08        0.2       4.02          0      0.015      0.647       0.32          0      0.183      0.765          0          0          0      0.399          1      0.211          0      0.153      0.842        2.8
     0.854      0.764      0.797      0.425       0.02     0.0016          0    0.00914      0.082      0.903    0.00055       3.02      0.841      0.107     0.0612      0.252       1.08      0.759       1.03        0.2       3.67          0      0.015      0.593      0.395          0      0.207       0.81          0          0          0      0.428          1      0.189          0      0.153      0.923       3.25
      0.83      0.795      0.804      0.424      0.017    0.00124          0     0.0088     0.0661      0.899    0.00068       2.93      0.697      0.107     0.0554      0.299       1.13      0.586       1.01        0.2       3.22          0      0.015      0.641      0.297          0      0.201      0.862          0          0          0      0.359          1      0.214          0      0.153      0.688        2.6
     0.836      0.776      0.804      0.424     0.0171     0.0014          0    0.00938      0.079      0.907    0.00068          3      0.696      0.106      0.054      0.262       1.17      0.582       1.07        0.2       3.33          0      0.015      0.655      0.297          0      0.202      0.828          0          0          0      0.315          1      0.214          0      0.153      0.681       3.19
     0.839      0.815      0.822      0.422     0.0186    0.00151          0    0.00917      0.081       0.91    0.00064       3.03      0.699      0.106     0.0543      0.269       1.16      0.652       1.06        0.2       3.68          0      0.015       0.67      0.307          0      0.206      0.844          0          0          0      0.334          1      0.199          0      0.153      0.666       3.19
     0.854      0.755      0.788      0.425     0.0162    0.00119          0    0.00693     0.0717      0.907    0.00074       3.01      0.661      0.106      0.054      0.244       1.12      0.632      0.939        0.2       3.29          0      0.015      0.725      0.278          0      0.235      0.841          0          0          0      0.352          1      0.202          0      0.156       0.76       2.95
     0.821      0.775      0.788      0.422     0.0175     0.0016          0    0.00914     0.0803      0.908    0.00066       2.96      0.684      0.108      0.053      0.269       1.16      0.642       1.06        0.2       3.64          0      0.015      0.688      0.304          0      0.206      0.843          0          0          0      0.336          1      0.195          0      0.153      0.688       3.19
     0.839      0.781      0.795      0.421     0.0173    0.00134          0    0.00925     0.0762      0.907    0.00068       3.42      0.712      0.106     0.0539      0.258       1.17      0.582       1.14        0.2       3.51          0      0.015      0.587      0.301          0      0.191      0.831          0          0          0      0.316          1      0.211          0      0.159      0.646       3.06
     0.811      0.753      0.784      0.422     0.0199    0.00143          0    0.00985     0.0728      0.924    0.00063       2.64      0.683      0.106     0.0645      0.212       1.15       0.59       1.08        0.2       3.35          0      0.015      0.626      0.262          0      0.208      0.828          0          0          0      0.286          1      0.214          0      0.139      0.767       2.73
     0.824      0.763      0.773      0.421     0.0188    0.00161          0    0.00914     0.0957      0.931    0.00075       3.49      0.752     0.0986     0.0554      0.259       1.12      0.643       1.08        0.2       3.15          0      0.015      0.579      0.283          0      0.196      0.828          0          0          0      0.321          1      0.192          0      0.143      0.926       4.06
     0.809      0.763      0.775       0.42      0.047     0.0016          0    0.00821     0.0864      0.908    0.00052       2.88      0.859       0.11     0.0612      0.278      0.984      0.689      0.899        0.2       3.72          0      0.015       0.61      0.395          0        0.2      0.805          0          0          0      0.428          1        0.2          0      0.163          1       3.18
     0.822      0.773      0.771      0.418     0.0105    0.00209          0    0.00869     0.0641      0.972    0.00059       1.71      0.739      0.147     0.0284      0.212       1.83      0.709       1.28        0.2       4.28          0      0.015      0.818      0.215          0      0.143      0.534          0          0          0      0.327          1      0.222          0      0.111      0.703        5.1
     0.805      0.774      0.772      0.417     0.0212     0.0022          0    0.00914     0.0621      0.895    0.00057       2.41      0.697      0.134     0.0625      0.256        1.3      0.855       1.18        0.2       3.69          0      0.015       0.78      0.256          0      0.195      0.804          0          0          0      0.402          1      0.179          0      0.189      0.575       3.19
      0.87      0.735      0.791      0.413     0.0163    0.00152          0    0.00938     0.0918      0.953    0.00081       3.41      0.697      0.113     0.0504      0.288       1.05      0.561       1.09        0.2       3.26          0      0.015      0.604      0.313          0        0.2      0.812          0          0          0      0.286          1      0.209          0      0.134      0.556       2.41
     0.851      0.764      0.793      0.412     0.0164    0.00159          0    0.00975     0.0659      0.954    0.00073       2.99      0.651      0.121     0.0442       0.23       1.28      0.561       1.16        0.2       3.79          0      0.015      0.705      0.189          0      0.194       0.85          0          0          0      0.202          1      0.201          0      0.164      0.688       3.56
     0.815      0.742      0.766      0.412     0.0162    0.00117          0    0.00871      0.107      0.889    0.00052       2.84      0.894       0.14     0.0544      0.272       0.83      0.661       0.94        0.2       2.77          0      0.015       0.61      0.356          0      0.211      0.851          0          0          0       0.54          1      0.179          0      0.148      0.701        2.8
     0.863      0.689      0.761      0.407     0.0244    0.00197          0    0.00921     0.0744      0.936    0.00049       3.02      0.836      0.103     0.0724      0.269       1.08      0.788       1.03        0.2       3.94          0      0.015      0.593      0.331          0      0.284      0.837          0          0          0      0.368          1      0.209          0      0.166      0.923       3.25
     0.814      0.722      0.748      0.408      0.014   0.000855          0    0.00636     0.0798      0.908    0.00059       2.49      0.918      0.106      0.054      0.263        1.2       0.51       1.14        0.2          2          0      0.015      0.656      0.355          0      0.182      0.828          0          0          0       0.32          1      0.222          0      0.138      0.471       2.32
      0.84      0.762      0.782      0.403     0.0182    0.00264          0    0.00907     0.0411      0.975    0.00062       2.46      0.674      0.146     0.0502      0.205       1.91      0.844       1.39        0.2       3.58          0      0.015      0.582      0.245          0      0.131      0.633          0          0          0       0.23          1       0.22          0      0.142      0.764       4.58
      0.83      0.734      0.762      0.405     0.0178    0.00193          0     0.0115     0.0593      0.969    0.00068       3.49      0.836      0.128     0.0452      0.225        1.1      0.621       1.21        0.2       3.84          0      0.015      0.669      0.196          0      0.207      0.823          0          0          0      0.186          1      0.186          0      0.145      0.676        3.7
     0.793       0.75      0.752      0.399     0.0193   0.000931          0    0.00671      0.113      0.882    0.00064       3.39      0.859      0.134     0.0522      0.278      0.699      0.689        0.5        0.2       3.55          0      0.015      0.736      0.532          0      0.191      0.823          0          0          0      0.503          1      0.177          0      0.154          1       2.02
     0.802      0.709      0.736        0.4     0.0428    0.00162          0    0.00822     0.0863      0.909    0.00052       2.88      0.859       0.11     0.0612      0.278      0.988      0.689      0.899        0.2       3.72          0      0.015       0.61      0.395          0        0.2      0.804          0          0          0      0.428          1        0.2          0      0.163          1       3.19
     0.853      0.681      0.759       0.39     0.0181    0.00162          0     0.0102        0.1      0.934    0.00052       2.88      0.796      0.104     0.0513      0.306      0.984      0.689      0.969        0.2        4.1          0      0.015       0.71      0.393          0      0.201        0.9          0          0          0      0.502          1      0.152          0      0.149      0.982       3.07
     0.813      0.721      0.748      0.386     0.0243    0.00158          0     0.0102      0.122      0.904    0.00052        2.6      0.634      0.104     0.0669      0.345       1.07      0.612      0.827        0.2       4.43          0      0.015      0.738      0.393          0      0.145      0.869          0          0          0      0.557          1      0.153          0      0.129      0.686          3
     0.815      0.698      0.716      0.382     0.0192    0.00138          0    0.00938     0.0783      0.967    0.00071       2.21      0.782      0.114      0.058      0.263       1.19      0.475       1.16        0.2       3.33          0      0.015      0.607      0.297          0      0.226      0.662          0          0          0      0.314          1      0.156          0      0.163      0.657       3.15
     0.819       0.66      0.711      0.376     0.0189    0.00244          0    0.00949     0.0537       0.98    0.00063       2.52      0.714      0.134     0.0544      0.224          2      0.765       1.24        0.2       3.53          0      0.015      0.895      0.227          0      0.148      0.571          0          0          0      0.249          1      0.263          0      0.178      0.679       3.04
     0.769      0.695      0.702      0.375       0.02    0.00276          0     0.0124     0.0606       0.98    0.00062       2.17      0.758      0.119     0.0502      0.219       1.63      0.774       1.39        0.2       3.91          0      0.015      0.829      0.191          0      0.125      0.494          0          0          0      0.232          1      0.222          0      0.175      0.769       3.95
     0.791       0.68      0.698      0.369     0.0201    0.00288          0    0.00941     0.0499       0.98    0.00058        2.1      0.752      0.131     0.0532      0.224       1.94      0.848       1.22        0.2       3.98          0      0.015      0.672       0.26          0      0.129      0.597          0          0          0      0.236          1      0.222          0      0.151       0.79       3.17
     0.811      0.664       0.69      0.354     0.0367    0.00212          0       0.01        0.1      0.937     0.0005          3        0.8        0.1       0.05        0.3          1        0.7          1        0.2          4          0      0.015        0.7        0.4          0        0.2        0.9          0          0          0        0.5          1       0.15          0       0.15          1          3
     0.796      0.589      0.637      0.344     0.0182    0.00133          0     0.0105     0.0877       0.98    0.00068       2.33      0.697     0.0848     0.0504        0.2       1.33       0.59      0.725        0.2       3.49          0      0.015      0.655      0.263          0      0.188       0.55          0          0          0      0.332          1      0.213          0      0.128      0.424       3.46
