0 0.0087890625 0.6552734375 0.017578125 0.103515625
0 0.0703125 0.6826171875 0.111328125 0.11328125
0 0.16796875 0.7080078125 0.111328125 0.115234375
0 0.2548828125 0.75390625 0.140625 0.123046875
0 0.05859375 0.564453125 0.0703125 0.06640625
0 0.1474609375 0.5927734375 0.09375 0.09765625
0 0.2255859375 0.6201171875 0.083984375 0.099609375
0 0.3134765625 0.642578125 0.09765625 0.099609375
0 0.3828125 0.7939453125 0.111328125 0.111328125
0 0.4814453125 0.6982421875 0.185546875 0.158203125
0 0.4892578125 0.822265625 0.103515625 0.087890625
0 0.8642578125 0.9365234375 0.103515625 0.126953125
0 0.8896484375 0.8076171875 0.09375 0.10546875