0 0.326171875 0.3525390625 0.236328125 0.310546875
0 0.205078125 0.7109375 0.30859375 0.234375
0 0.73046875 0.1337890625 0.341796875 0.22265625
0 0.4970703125 0.796875 0.3671875 0.26171875
0 0.1865234375 0.380859375 0.23828125 0.3359375
0 0.1025390625 0.5341796875 0.205078125 0.263671875
0 0.095703125 0.26953125 0.138671875 0.208984375
0 0.62109375 0.4267578125 0.2734375 0.2734375
0 0.6953125 0.533203125 0.365234375 0.234375
0 0.5712890625 0.9140625 0.251953125 0.171875
0 0.9189453125 0.2392578125 0.162109375 0.318359375
0 0.396484375 0.11328125 0.34765625 0.2265625
0 0.61328125 0.2626953125 0.353515625 0.19140625
0 0.4951171875 0.6435546875 0.359375 0.189453125