0 0.3779296875 0.6328125 0.244140625 0.400390625
0 0.158203125 0.6513671875 0.201171875 0.302734375
0 0.57421875 0.5498046875 0.201171875 0.322265625
0 0.7509765625 0.6044921875 0.228515625 0.4375
0 0.9111328125 0.55078125 0.177734375 0.33203125
0 0.8564453125 0.0537109375 0.154296875 0.107421875
0 0.5673828125 0.2431640625 0.189453125 0.283203125
0 0.1796875 0.283203125 0.162109375 0.291015625
0 0.3017578125 0.244140625 0.154296875 0.275390625
0 0.6328125 0.0419921875 0.1015625 0.083984375
0 0.443359375 0.255859375 0.177734375 0.279296875