0 0.416015625 0.09765625 0.1171875 0.1171875
0 0.1259765625 0.5302734375 0.138671875 0.166015625
0 0.205078125 0.1875 0.072265625 0.07421875
0 0.3740234375 0.80859375 0.068359375 0.06640625
0 0.7060546875 0.0546875 0.095703125 0.109375
0 0.55859375 0.623046875 0.08203125 0.09765625
0 0.9111328125 0.5576171875 0.064453125 0.06640625
0 0.6884765625 0.685546875 0.048828125 0.03515625
0 0.80078125 0.923828125 0.0546875 0.046875
0 0.3505859375 0.341796875 0.0546875 0.033203125
0 0.6572265625 0.2509765625 0.0546875 0.041015625