0 0.2626953125 0.705078125 0.337890625 0.58984375
0 0.11328125 0.8330078125 0.1796875 0.333984375
0 0.525390625 0.6416015625 0.341796875 0.666015625
0 0.697265625 0.6826171875 0.279296875 0.509765625
0 0.91015625 0.6435546875 0.1796875 0.423828125
0 0.328125 0.3154296875 0.23828125 0.419921875
0 0.689453125 0.23046875 0.24609375 0.3671875
0 0.529296875 0.16015625 0.24609375 0.3203125
0 0.193359375 0.1689453125 0.2265625 0.271484375
0 0.3642578125 0.0966796875 0.13671875 0.17578125
0 0.8330078125 0.0703125 0.162109375 0.140625