0 0.2744140625 0.353515625 0.353515625 0.083984375
0 0.7373046875 0.3828125 0.359375 0.08984375
0 0.2763671875 0.4072265625 0.359375 0.08984375
0 0.265625 0.5068359375 0.376953125 0.11328125
0 0.2529296875 0.611328125 0.384765625 0.095703125
0 0.232421875 0.681640625 0.375 0.10546875
0 0.73828125 0.435546875 0.353515625 0.08203125
0 0.736328125 0.4921875 0.36328125 0.076171875
0 0.7470703125 0.5341796875 0.359375 0.095703125
0 0.740234375 0.5927734375 0.384765625 0.0859375
0 0.734375 0.6474609375 0.39453125 0.09765625
0 0.7421875 0.712890625 0.380859375 0.095703125
0 0.7392578125 0.8369140625 0.396484375 0.11328125
0 0.73046875 0.9150390625 0.3984375 0.111328125