0 0.0283203125 0.76953125 0.056640625 0.09375
0 0.1220703125 0.7744140625 0.091796875 0.095703125
0 0.2236328125 0.77734375 0.091796875 0.09765625
0 0.318359375 0.802734375 0.12109375 0.09765625
0 0.083984375 0.662109375 0.05859375 0.0546875
0 0.177734375 0.669921875 0.078125 0.08203125
0 0.259765625 0.6787109375 0.06640625 0.087890625
0 0.3505859375 0.6806640625 0.080078125 0.083984375
0 0.4521484375 0.8125 0.091796875 0.09375
0 0.5263671875 0.697265625 0.162109375 0.125
0 0.5625 0.81640625 0.08984375 0.0703125
0 0.9541015625 0.84765625 0.080078125 0.1171875
0 0.94921875 0.7119140625 0.07421875 0.091796875