0 0.2255859375 0.6728515625 0.248046875 0.59375
0 0.0556640625 0.7861328125 0.111328125 0.388671875
0 0.4970703125 0.6435546875 0.24609375 0.638671875
0 0.658203125 0.716796875 0.20703125 0.486328125
0 0.90625 0.7255859375 0.18359375 0.40234375
0 0.3671875 0.2861328125 0.1796875 0.400390625
0 0.7373046875 0.271484375 0.1953125 0.34375
0 0.5966796875 0.16015625 0.19921875 0.3203125
0 0.26171875 0.1201171875 0.19140625 0.240234375
0 0.443359375 0.0791015625 0.11328125 0.158203125
0 0.9169921875 0.10546875 0.1328125 0.19921875