0 0.279296875 0.345703125 0.353515625 0.095703125
0 0.7412109375 0.390625 0.361328125 0.103515625
0 0.279296875 0.3994140625 0.361328125 0.103515625
0 0.265625 0.4990234375 0.37890625 0.125
0 0.2490234375 0.6025390625 0.38671875 0.109375
0 0.2265625 0.671875 0.376953125 0.1171875
0 0.740234375 0.443359375 0.35546875 0.095703125
0 0.736328125 0.5 0.365234375 0.087890625
0 0.7451171875 0.54296875 0.361328125 0.109375
0 0.7373046875 0.6015625 0.384765625 0.099609375
0 0.7294921875 0.6552734375 0.396484375 0.111328125
0 0.734375 0.7216796875 0.3828125 0.109375
0 0.7275390625 0.845703125 0.3984375 0.126953125
0 0.7158203125 0.9228515625 0.400390625 0.123046875