0 0.287109375 0.4208984375 0.2265625 0.306640625
0 0.294921875 0.7998046875 0.3046875 0.224609375
0 0.5908203125 0.091796875 0.337890625 0.18359375
0 0.5986328125 0.7802734375 0.361328125 0.25
0 0.1650390625 0.4951171875 0.228515625 0.33203125
0 0.1220703125 0.6748046875 0.232421875 0.259765625
0 0.0537109375 0.419921875 0.107421875 0.20703125
0 0.5888671875 0.3896484375 0.265625 0.265625
0 0.6953125 0.4638671875 0.361328125 0.224609375
0 0.71484375 0.87890625 0.248046875 0.197265625
0 0.841796875 0.126953125 0.23046875 0.25390625
0 0.26953125 0.1689453125 0.34375 0.224609375
0 0.5244140625 0.23828125 0.349609375 0.181640625
0 0.5439453125 0.63671875 0.357421875 0.1796875