0 0.501953125 0.0888671875 0.09765625 0.099609375
0 0.1279296875 0.4521484375 0.111328125 0.146484375
0 0.2763671875 0.1328125 0.060546875 0.0625
0 0.3125 0.775390625 0.05859375 0.0546875
0 0.7958984375 0.1044921875 0.076171875 0.103515625
0 0.53125 0.6328125 0.06640625 0.0859375
0 0.890625 0.6416015625 0.0546875 0.056640625
0 0.6455078125 0.720703125 0.044921875 0.02734375
0 0.7060546875 0.9775390625 0.048828125 0.037109375
0 0.38671875 0.314453125 0.05078125 0.0234375
0 0.7060546875 0.2890625 0.048828125 0.03125