0 0.349609375 0.5986328125 0.232421875 0.39453125
0 0.1318359375 0.564453125 0.193359375 0.298828125
0 0.5595703125 0.56640625 0.19140625 0.318359375
0 0.71875 0.662109375 0.21484375 0.43359375
0 0.9013671875 0.65234375 0.197265625 0.328125
0 0.9423828125 0.1240234375 0.115234375 0.166015625
0 0.6279296875 0.2666015625 0.181640625 0.279296875
0 0.2412109375 0.212890625 0.15234375 0.287109375
0 0.369140625 0.203125 0.146484375 0.2734375
0 0.744140625 0.0751953125 0.09765625 0.107421875
0 0.50390625 0.2490234375 0.169921875 0.275390625